001111011011
000110001010
011010111111
010011001110
011001101000
010100000011
100001000011
100100001101
011011001010
101001010010
110100001001
010000101010
100111001000
011101001110
011101011011
011100011001
111111101010
001111001011
111010010110
111001001101
100000110001
010001010010
100010001110
001000011011
000111011111
000110100011
101100110010
000010101101
101100010111
011100110100
000010001010
000000000011
100000010001
101000011101
001110010101
001000101100
011001011001
001101000101
110101011000
000100010001
110010010101
111010111011
010010111000
010110010101
110111110110
000110110110
100001000000
011000001001
010000111011
010010000100
100000000111
100100000010
101110011111
010111101101
010011100000
000111101100
011101001100
100001111000
110000010000
000011000101
010010100000
000000110011
100100110010
010100101000
010011100111
011111010100
111111100010
111011110011
011001001100
100110111001
001100111001
000001100011
011111100010
100011110011
011001111010
010101110110
001011110100
101101101000
001000101110
111001011010
011111101000
111001101101
111011011011
111001101010
011011110010
001010001101
111000000110
100010000001
011001111101
101011001111
101010111110
100111011001
010001011010
001001101101
001110100101
010111111101
100110001101
001010001010
101000111000
000011010010
101011010001
011100001001
001111001110
100010010011
101110010001
110100011111
000001101110
010010111111
000010101010
100100000101
011101001011
100000111000
010101001100
111010100010
001001001100
111110100110
010001010000
000111000000
100101110111
011001010000
110001110101
010111011111
011101111011
111000010011
101000011100
110011110001
001110101000
101100100101
001101010100
011110000100
111000101011
100110101011
000111010000
000110100010
111100011101
110001001010
011011100010
101110001000
000011100110
000110111111
011111110000
101000110110
011110001111
010000110111
001111001000
000101001010
000000000100
000100111110
000101110010
011100000010
101010111011
001110101110
000100000001
100100101111
110000110100
001100001100
111011100001
010111111100
010111001000
101111010111
001011001010
101010100001
101011101110
000111001100
000000010110
000000000001
000010111011
000011101110
011011011011
011111111110
001111001111
110010100100
011111001010
110011010100
010011110100
110010101100
111111101110
001110110111
100111001110
110100001111
101101001011
110011011110
100110010010
011011001000
110000111001
011100001101
101101111100
100111111110
111001101100
100101010011
000100011111
011011000100
100101111011
100011000010
010101111110
001001110110
010111011000
000101111100
101000110101
011000010001
010010010101
100000101100
101010111100
110101011110
110011011011
001011100001
001111100010
110100111100
100010101110
100110010110
101011110010
000111100000
011011110011
101100100010
111101000000
101100100110
100111101011
111111111011
011001101100
010110110000
100000010010
000011101101
111110011100
010011010011
101000001101
010100001001
011110100111
000011100010
101001110101
101010000000
101101011001
001110010001
000000101000
110001000100
111111100101
001010101001
111000110001
100011001110
110001001000
110110011011
100100111000
001100010110
001111110110
110000010010
110110011101
100011000111
010100100100
001110000000
100010110000
110010000011
111011110101
100001100110
010110101111
011010101010
110101010100
010111100011
111101111110
110111111111
011111001101
100101101010
101010001011
110000011001
000101010001
000011000000
110111111001
000100010100
111100100000
000001001001
000010010100
001110001001
001001100011
110000011100
010000101011
110110110000
111111101000
001011010001
011001011101
111000001000
101101001001
100100011110
001100111000
011011110101
010001110111
010001101101
010011101011
000010010111
011111100101
100111011000
001011010101
011110100010
011100110110
011101110000
011000101010
011110110011
001101001101
101110111001
111101110100
111010000101
001010111110
110101001011
010010101000
100010011011
111001011101
100000111100
010011100001
010101111011
011010010101
000110011111
001110000011
010101100011
000010000011
010000010111
011111110100
010010001001
101101000001
011100001011
001110011000
100001111001
100011110111
110010010000
001100001101
110001100000
011010011111
000000111101
100010111100
001000100101
010101100100
011110101110
011010110001
001111101110
001111010011
001110101101
000001000001
001110110100
111101001011
010000010010
010100101010
110011000101
010101010001
111110010000
110100110000
011101011100
111000110101
001001000011
101111011001
011100111111
011000100101
010001101001
100001011011
001010011011
110001011011
100010010001
001010010011
101111010010
000001111111
011101011010
100100000001
110011100111
101100101000
000100001000
001011101100
000001010010
110001011001
101000010111
011100100111
100101001110
000100111011
010110111011
101110100110
000011001111
011110111011
101101000000
110011110000
011001011111
010011001100
000100010111
100000111001
010110111001
010000110000
011000000111
101010001001
000010111111
010100000000
101100111000
110010110111
100100000110
100110011111
101011110100
001111111111
101011011111
011111001011
000010100010
100000001111
001111011101
110101111001
000101100110
011110011110
001110000001
111101101100
010000101001
010011001011
001000110000
111000111001
111000010111
110011101010
110010101001
111110111110
111110111000
110110101010
100010100110
110111001101
111110011001
111111111110
100000000101
001000100110
101111011111
111101001100
111011110000
101100011011
000110001111
011110010111
000111101010
001110001101
010010001011
000100010101
101001001101
001001010110
011100110010
010111100111
100010111111
011010001111
000010010001
111000000000
111100110111
100101000101
101001000111
101001000001
101100001111
000100101010
111100000001
111100101110
110100101110
001011011010
000010001101